0 -9.499846 -9.476554 -9.438928 -0.949985
1 -9.426199 -9.481392 -9.454478 -1.797606
2 -9.503438 -9.489667 -9.472944 -2.568189
3 -9.405841 -9.486338 -9.479436 -3.251954
4 -9.378298 -9.482326 -9.471484 -3.864588
5 -9.518407 -9.478099 -9.452809 -4.429970
6 -9.417217 -9.475572 -9.432270 -4.928695
7 -9.413625 -9.475656 -9.424033 -5.377188
8 -9.552536 -9.479164 -9.431305 -5.794723
9 -9.541160 -9.483644 -9.444361 -6.169366
10 -9.465117 -9.486505 -9.459023 -6.498941
11 -9.541759 -9.486373 -9.470620 -6.803223
12 -9.491463 -9.479859 -9.468572 -7.072046
13 -9.451346 -9.477811 -9.455612 -7.309976
14 -9.432186 -9.477356 -9.445364 -7.522197
15 -9.445957 -9.477188 -9.445674 -7.714573
16 -9.431587 -9.483607 -9.453833 -7.886274
17 -9.465117 -9.486613 -9.462692 -8.044159
18 -9.393267 -9.481619 -9.462526 -8.179070
19 -9.556129 -9.479787 -9.450219 -8.316775
20 -9.434581 -9.481584 -9.432762 -8.428555
21 -9.637559 -9.477057 -9.427520 -8.549456
22 -9.489068 -9.477823 -9.437194 -8.643416
23 -9.460327 -9.478123 -9.451638 -8.725107
24 -9.559721 -9.480015 -9.459687 -8.808568
25 -9.468111 -9.476769 -9.457874 -8.874522
26 -9.429193 -9.475548 -9.448756 -8.929989
27 -9.547147 -9.474434 -9.439547 -8.991705
28 -9.458531 -9.473069 -9.437217 -9.038387
29 -9.525592 -9.474207 -9.442996 -9.087108
30 -9.525592 -9.477464 -9.449136 -9.130956
31 -9.457932 -9.480386 -9.451963 -9.163653
32 -9.436976 -9.476374 -9.452139 -9.190986
33 -9.420211 -9.479942 -9.451576 -9.213908
34 -9.615405 -9.475069 -9.450048 -9.254057
35 -9.434581 -9.470542 -9.445378 -9.272110
36 -9.494456 -9.472446 -9.438292 -9.294345
37 -9.489068 -9.473968 -9.432821 -9.313817
38 -9.535770 -9.476853 -9.436440 -9.336012
39 -9.583073 -9.480565 -9.445112 -9.360718
40 -9.455538 -9.477261 -9.453841 -9.370199
41 -9.480086 -9.477164 -9.460765 -9.381187
42 -9.577683 -9.472039 -9.457546 -9.400837
43 -9.460327 -9.473285 -9.441828 -9.406786
44 -9.457932 -9.468483 -9.428918 -9.411901
45 -9.486074 -9.466986 -9.427391 -9.419317
46 -9.353150 -9.468686 -9.428970 -9.412701
47 -9.549542 -9.469297 -9.430628 -9.426385
48 -9.516012 -9.474267 -9.435540 -9.435348
49 -9.514814 -9.474998 -9.445223 -9.443295
50 -9.536968 -9.476913 -9.457492 -9.452662
51 -9.432186 -9.476231 -9.466287 -9.450614
52 -9.589659 -9.472961 -9.466670 -9.464519
53 -9.427396 -9.474147 -9.460885 -9.460806
54 -9.541759 -9.479428 -9.454689 -9.468901
55 -9.417816 -9.477595 -9.449338 -9.463793
56 -9.477692 -9.481009 -9.448698 -9.465182
57 -9.486074 -9.485799 -9.451483 -9.467271
58 -9.386082 -9.483080 -9.454198 -9.459151
59 -9.514215 -9.487344 -9.455623 -9.464658
60 -9.575888 -9.491882 -9.459295 -9.475780
61 -9.570498 -9.495128 -9.467993 -9.485252
62 -9.503438 -9.490182 -9.480326 -9.487071
63 -9.499247 -9.495283 -9.486517 -9.488288
64 -9.530382 -9.494673 -9.481487 -9.492497
65 -9.508228 -9.496660 -9.475463 -9.494070
66 -9.491463 -9.500216 -9.475185 -9.493809
67 -9.383687 -9.497809 -9.475881 -9.482797
68 -9.451945 -9.495606 -9.469980 -9.479711
69 -9.470507 -9.493055 -9.455024 -9.478790
70 -9.427396 -9.489559 -9.435667 -9.473651
71 -9.455538 -9.481679 -9.419905 -9.471839
72 -9.466914 -9.482589 -9.413266 -9.471346
73 -9.452544 -9.478662 -9.418261 -9.469465
74 -9.517808 -9.479775 -9.435602 -9.474298
75 -9.466914 -9.477871 -9.454303 -9.473560
76 -9.480086 -9.473104 -9.462541 -9.474213
77 -9.494456 -9.469477 -9.456494 -9.476237
78 -9.398057 -9.463920 -9.443192 -9.468419
79 -9.595047 -9.470423 -9.434901 -9.481082
80 -9.544153 -9.476050 -9.441525 -9.487389
81 -9.486074 -9.483703 -9.463534 -9.487257
82 -9.460926 -9.483703 -9.484571 -9.484624
83 -9.602233 -9.489367 -9.487175 -9.496385
84 -9.465117 -9.483799 -9.467938 -9.493258
85 -9.389075 -9.475272 -9.444099 -9.482840
86 -9.504037 -9.472794 -9.424290 -9.484959
87 -9.468710 -9.467812 -9.408259 -9.483334
88 -9.357941 -9.468076 -9.401440 -9.470794
89 -9.356144 -9.461740 -9.405459 -9.459329
90 -9.544752 -9.466231 -9.409605 -9.467871
91 -9.512420 -9.461070 -9.409145 -9.472326
92 -9.439371 -9.450771 -9.411608 -9.469030
93 -9.413026 -9.447190 -9.416438 -9.463429
94 -9.539363 -9.451681 -9.422060 -9.471023
95 -9.451945 -9.452592 -9.434342 -9.469114
96 -9.498648 -9.453586 -9.451858 -9.472067
97 -9.505234 -9.458387 -9.458810 -9.475384
98 -9.654325 -9.464746 -9.454597 -9.493278
99 -9.517808 -9.467896 -9.450439 -9.495729
100 -9.382489 -9.465058 -9.452720 -9.484405
101 -9.595047 -9.473369 -9.454115 -9.495469
102 -9.501043 -9.478745 -9.450501 -9.496027
103 -9.595047 -9.481416 -9.451408 -9.505929
104 -9.546548 -9.481380 -9.457438 -9.509991
105 -9.438173 -9.479798 -9.454189 -9.502809
106 -9.520802 -9.474985 -9.437597 -9.504607
107 -9.455538 -9.472602 -9.425661 -9.499700
108 -9.384286 -9.472698 -9.427114 -9.488158
109 -9.514814 -9.472027 -9.433806 -9.490824
110 -9.277108 -9.470003 -9.436548 -9.469452
111 -9.451346 -9.463322 -9.436152 -9.467642
112 -9.457334 -9.462699 -9.431073 -9.466611
113 -9.465716 -9.466949 -9.424004 -9.466521
114 -9.490864 -9.466686 -9.424585 -9.468955
115 -9.523197 -9.467620 -9.440392 -9.474380
116 -9.428594 -9.470434 -9.461429 -9.469801
117 -9.356743 -9.465943 -9.469626 -9.458495
118 -9.452544 -9.465382 -9.453687 -9.457900
119 -9.413026 -9.460758 -9.424249 -9.453412
120 -9.516012 -9.461237 -9.405408 -9.459672
121 -9.537567 -9.466243 -9.406956 -9.467461
122 -9.378897 -9.462842 -9.425143 -9.458605
123 -9.493857 -9.467405 -9.446441 -9.462130
124 -9.487271 -9.467812 -9.452245 -9.464643
125 -9.411230 -9.467393 -9.441730 -9.459302
126 -9.486672 -9.466783 -9.433226 -9.462039
127 -9.358540 -9.456364 -9.434555 -9.451689
128 -9.603430 -9.456316 -9.434426 -9.466863
129 -9.385483 -9.458687 -9.427039 -9.458724
130 -9.438173 -9.462052 -9.425044 -9.456669
131 -9.611214 -9.464878 -9.429292 -9.472123
132 -9.431587 -9.466027 -9.430265 -9.468070
133 -9.396261 -9.460818 -9.429356 -9.460889
134 -9.463322 -9.455334 -9.430978 -9.461132
135 -9.422008 -9.456592 -9.428534 -9.457219
136 -9.460327 -9.457034 -9.422069 -9.457529
137 -9.420810 -9.453814 -9.418586 -9.453857
138 -9.395063 -9.450651 -9.418191 -9.447978
139 -9.516610 -9.452436 -9.417145 -9.454841
140 -9.398656 -9.456196 -9.417286 -9.449223
141 -9.371113 -9.455334 -9.425353 -9.441411
142 -9.571097 -9.460986 -9.438870 -9.454379
143 -9.530382 -9.464507 -9.447635 -9.461979
144 -9.524394 -9.467093 -9.453139 -9.468220
145 -9.414224 -9.468315 -9.462435 -9.462820
146 -9.483080 -9.473153 -9.473462 -9.464846
147 -9.593850 -9.479511 -9.474996 -9.477746
148 -9.452544 -9.481428 -9.467357 -9.475225
149 -9.427396 -9.483894 -9.463589 -9.470442
150 -9.455538 -9.486146 -9.463940 -9.468951
151 -9.508826 -9.493451 -9.460831 -9.472939
152 -9.450747 -9.493463 -9.458781 -9.470719
153 -9.650133 -9.494816 -9.465632 -9.488661
154 -9.441168 -9.494996 -9.471426 -9.483912
155 -9.455538 -9.492588 -9.466636 -9.481074
156 -9.395662 -9.493331 -9.457104 -9.472533
157 -9.501043 -9.486529 -9.453210 -9.475385
158 -9.414224 -9.487379 -9.452682 -9.469269
159 -9.639356 -9.500360 -9.453449 -9.486278
160 -9.336984 -9.486804 -9.461825 -9.471348
161 -9.562715 -9.484566 -9.473215 -9.480484
162 -9.616004 -9.486242 -9.459737 -9.494036
163 -9.369317 -9.479524 -9.431297 -9.481564
164 -9.490265 -9.473285 -9.421292 -9.482433
165 -9.384885 -9.471776 -9.425944 -9.472679
166 -9.390273 -9.467776 -9.422760 -9.464437
167 -9.450149 -9.468638 -9.418664 -9.463009
168 -9.457932 -9.464016 -9.423650 -9.462501
169 -9.521400 -9.467464 -9.430112 -9.468390
170 -9.277707 -9.461896 -9.433950 -9.449322
171 -9.465117 -9.453741 -9.434602 -9.450901
172 -9.424402 -9.445383 -9.424637 -9.448251
173 -9.441766 -9.447155 -9.407287 -9.447602
174 -9.462124 -9.445490 -9.393410 -9.449055
175 -9.498648 -9.445634 -9.390692 -9.454014
176 -9.436378 -9.450915 -9.404061 -9.452250
177 -9.537567 -9.455310 -9.430545 -9.460781
178 -9.595047 -9.461237 -9.452193 -9.474208
179 -9.441168 -9.462675 -9.462609 -9.470903
180 -9.510024 -9.467968 -9.470696 -9.474815
181 -9.558523 -9.466147 -9.474582 -9.483186
182 -9.465117 -9.462495 -9.466904 -9.481379
183 -9.404044 -9.463633 -9.450706 -9.473644
184 -9.480685 -9.468651 -9.432992 -9.474348
185 -9.532178 -9.484098 -9.424354 -9.480130
186 -9.447155 -9.492553 -9.441157 -9.476832
187 -9.532178 -9.491474 -9.476663 -9.482367
188 -9.418415 -9.489079 -9.496373 -9.475971
189 -9.397458 -9.487415 -9.483865 -9.468120
190 -9.560919 -9.487523 -9.456760 -9.477399
191 -9.439371 -9.483248 -9.440726 -9.473596
192 -9.409433 -9.479847 -9.442389 -9.467179
193 -9.460327 -9.477451 -9.446617 -9.466494
194 -9.419013 -9.477404 -9.439398 -9.461745
195 -9.506432 -9.478949 -9.427513 -9.466214
196 -9.534574 -9.481273 -9.423609 -9.473049
197 -9.524993 -9.482086 -9.429571 -9.478244
198 -9.503438 -9.477308 -9.444983 -9.480763
199 -9.441168 -9.478649 -9.468349 -9.476804
200 -9.544752 -9.481811 -9.486197 -9.483599
201 -9.460327 -9.478386 -9.484963 -9.481271
202 -9.533376 -9.482099 -9.468452 -9.486481
203 -9.532178 -9.480506 -9.451442 -9.491050
204 -9.448951 -9.479452 -9.446570 -9.486839
205 -9.419612 -9.482433 -9.448230 -9.480117
206 -9.497451 -9.486038 -9.447109 -9.481850
207 -9.372910 -9.488517 -9.446040 -9.470956
208 -9.476494 -9.492529 -9.451981 -9.471509
209 -9.554332 -9.490481 -9.459644 -9.479791
210 -9.551937 -9.486050 -9.462477 -9.487005
211 -9.455538 -9.478458 -9.460905 -9.483858
212 -9.462124 -9.480062 -9.454102 -9.481685
213 -9.462723 -9.479237 -9.443401 -9.479788
214 -9.417816 -9.475489 -9.436546 -9.473591
215 -9.470507 -9.472015 -9.434114 -9.473283
216 -9.452544 -9.474075 -9.431372 -9.471209
217 -9.484877 -9.471429 -9.429386 -9.472575
218 -9.448951 -9.469201 -9.429151 -9.470212
219 -9.517209 -9.466938 -9.428166 -9.474912
220 -9.624387 -9.470614 -9.428679 -9.489859
221 -9.590857 -9.468207 -9.436133 -9.499958
222 -9.467513 -9.467214 -9.448334 -9.496714
223 -9.491463 -9.470266 -9.457253 -9.496188
224 -9.562116 -9.473117 -9.458747 -9.502781
225 -9.466914 -9.472207 -9.456667 -9.499194
226 -9.466315 -9.478314 -9.457633 -9.495906
227 -9.405242 -9.478170 -9.460940 -9.486839
228 -9.427396 -9.474302 -9.460931 -9.480895
229 -9.494456 -9.474458 -9.450694 -9.482251
230 -9.520802 -9.476194 -9.431774 -9.486106
231 -9.466914 -9.475416 -9.419188 -9.484186
232 -9.543554 -9.475261 -9.422878 -9.490123
233 -9.514215 -9.474386 -9.433611 -9.492532
234 -9.533376 -9.478350 -9.442277 -9.496616
235 -9.465117 -9.478769 -9.454803 -9.493465
236 -9.480086 -9.481787 -9.470738 -9.492127
237 -9.496852 -9.475296 -9.475759 -9.492599
238 -9.472901 -9.477727 -9.465728 -9.490630
239 -9.455538 -9.473104 -9.452363 -9.487121
240 -9.566906 -9.479452 -9.446697 -9.495099
241 -9.477093 -9.484685 -9.448714 -9.493298
242 -9.496253 -9.483847 -9.454454 -9.493592
243 -9.572893 -9.486804 -9.457192 -9.501522
244 -9.581276 -9.495175 -9.456409 -9.509498
245 -9.466315 -9.498037 -9.464926 -9.505179
246 -9.501043 -9.495558 -9.484357 -9.504766
247 -9.500444 -9.489906 -9.493322 -9.504333
248 -9.537567 -9.492325 -9.481472 -9.507656
249 -9.565109 -9.495570 -9.464340 -9.513401
250 -9.490864 -9.496025 -9.459546 -9.511147
251 -9.501043 -9.496779 -9.464299 -9.510137
252 -9.374106 -9.490553 -9.464242 -9.496533
253 -9.550140 -9.490900 -9.453651 -9.501894
254 -9.560919 -9.495115 -9.441831 -9.507796
255 -9.499247 -9.500156 -9.444813 -9.506941
256 -9.455538 -9.495942 -9.463268 -9.501801
257 -9.472901 -9.489535 -9.480958 -9.498911
258 -9.475296 -9.486157 -9.480487 -9.496550
259 -9.495055 -9.485858 -9.462470 -9.496400
260 -9.417217 -9.480278 -9.441746 -9.488482
261 -9.355545 -9.470865 -9.427288 -9.475187
262 -9.475296 -9.468231 -9.414680 -9.475198
263 -9.398057 -9.466208 -9.403289 -9.467484
264 -9.510024 -9.465417 -9.403192 -9.471737
265 -9.441168 -9.465382 -9.412407 -9.468679
266 -9.444161 -9.461249 -9.420152 -9.466228
267 -9.446556 -9.459370 -9.425263 -9.464260
268 -9.462124 -9.458316 -9.435190 -9.464046
269 -9.451346 -9.455621 -9.448312 -9.462776
270 -9.468111 -9.457993 -9.455326 -9.463309
271 -9.535770 -9.462758 -9.452879 -9.470555
272 -9.484877 -9.462591 -9.450636 -9.471987
273 -9.443563 -9.467237 -9.452396 -9.469144
274 -9.481883 -9.475404 -9.452818 -9.470417
275 -9.508228 -9.477703 -9.452970 -9.474198
276 -9.413625 -9.477907 -9.457229 -9.468141
277 -9.513018 -9.481416 -9.459468 -9.472628
278 -9.331595 -9.476206 -9.451336 -9.458525
279 -9.467513 -9.472794 -9.438228 -9.459424
280 -9.475296 -9.470147 -9.425220 -9.461011
281 -9.477692 -9.475679 -9.419650 -9.462679
282 -9.484877 -9.474949 -9.428801 -9.464898
283 -9.552536 -9.472530 -9.445814 -9.473661
284 -9.407638 -9.467896 -9.451082 -9.467058
285 -9.475895 -9.467453 -9.442479 -9.467942
286 -9.447754 -9.463034 -9.429167 -9.465923
287 -9.448353 -9.458064 -9.419181 -9.464167
288 -9.520203 -9.457034 -9.415193 -9.469770
289 -9.456137 -9.457394 -9.417338 -9.468407
290 -9.440569 -9.460650 -9.423935 -9.465622
291 -9.511821 -9.463704 -9.433148 -9.470242
292 -9.516012 -9.469656 -9.443347 -9.474818
293 -9.462124 -9.464339 -9.453098 -9.473549
294 -9.470507 -9.463693 -9.457998 -9.473245
295 -9.556727 -9.467010 -9.452510 -9.481592
296 -9.514215 -9.473548 -9.446838 -9.484855
297 -9.408236 -9.477188 -9.456239 -9.477193
298 -9.414823 -9.475931 -9.472634 -9.470956
299 -9.499846 -9.482985 -9.472318 -9.473845
300 -9.369916 -9.480685 -9.456206 -9.463451
301 -9.492661 -9.481140 -9.444383 -9.466372
302 -9.486672 -9.480925 -9.439696 -9.468403
303 -9.477692 -9.484409 -9.437636 -9.469332
304 -9.541160 -9.482565 -9.443680 -9.476514
305 -9.456137 -9.483631 -9.457973 -9.474476
306 -9.659114 -9.492385 -9.468174 -9.492939
307 -9.405841 -9.496217 -9.472732 -9.484229
308 -9.469908 -9.489978 -9.482757 -9.482797
309 -9.441168 -9.482733 -9.487811 -9.478633
310 -9.423803 -9.481703 -9.468349 -9.473149
311 -9.438173 -9.480661 -9.435691 -9.469651
312 -9.393267 -9.478649 -9.417950 -9.462012
313 -9.440569 -9.475500 -9.417847 -9.459867
314 -9.458531 -9.482183 -9.420134 -9.459734
315 -9.470507 -9.475800 -9.424153 -9.460812
316 -9.480685 -9.478026 -9.436308 -9.462799
317 -9.537567 -9.480290 -9.451035 -9.470275
318 -9.432186 -9.481105 -9.463515 -9.466465
319 -9.486672 -9.466615 -9.470336 -9.468486
320 -9.535770 -9.473489 -9.466013 -9.475214
321 -9.575289 -9.481883 -9.459138 -9.485222
322 -9.494456 -9.490972 -9.467778 -9.486145
323 -9.448951 -9.489391 -9.488843 -9.482425
324 -9.580078 -9.493894 -9.496376 -9.492189
325 -9.562116 -9.498672 -9.482646 -9.499182
326 -9.480685 -9.504408 -9.467267 -9.497332
327 -9.451346 -9.502528 -9.468627 -9.492733
328 -9.471704 -9.500731 -9.478009 -9.490630
329 -9.329799 -9.488098 -9.470200 -9.474546
330 -9.485476 -9.484877 -9.440845 -9.475639
331 -9.586066 -9.490972 -9.411639 -9.486682
332 -10.236314 -9.521473 -9.414698 -9.561645
333 -9.413625 -9.505881 -9.464846 -9.546843
334 -9.542357 -9.504300 -9.535404 -9.546394
335 -9.705218 -9.515653 -9.559484 -9.562277
336 -9.711205 -9.536381 -9.543699 -9.577169
337 -9.917177 -9.568115 -9.559978 -9.611170
338 -9.629176 -9.586988 -9.637408 -9.612970
339 -9.474099 -9.586329 -9.720767 -9.599083
340 -9.654325 -9.594173 -9.731094 -9.604607
341 -9.395662 -9.599993 -9.652175 -9.583713
342 -9.413625 -9.597646 -9.549601 -9.566704
343 -9.458531 -9.586700 -9.477783 -9.555886
344 -9.536968 -9.574319 -9.425096 -9.553994
345 -9.380693 -9.552739 -9.381386 -9.536664
346 -9.516012 -9.543854 -9.367136 -9.534598
347 -9.502240 -9.533423 -9.370891 -9.531363
348 -9.376502 -9.515341 -9.374864 -9.515877
349 -9.272917 -9.484158 -9.390515 -9.491581
350 -9.336984 -9.432306 -9.409236 -9.476121
351 -9.309442 -9.406979 -9.391556 -9.459453
352 -9.457334 -9.402416 -9.335036 -9.459240
353 -9.445957 -9.391710 -9.293167 -9.457911
354 -9.484278 -9.401434 -9.311061 -9.460548
355 -9.527987 -9.413936 -9.373079 -9.467292
356 -9.426199 -9.419217 -9.433248 -9.463182
357 -9.412427 -9.416918 -9.460854 -9.458107
358 -9.322015 -9.418008 -9.453254 -9.444497
359 -9.506432 -9.420654 -9.424295 -9.450690
360 -9.438173 -9.409206 -9.393120 -9.449438
361 -9.448951 -9.407122 -9.375737 -9.449389
362 -9.428594 -9.417385 -9.372390 -9.447309
363 -9.560919 -9.432988 -9.377855 -9.458671
364 -9.587264 -9.457094 -9.392945 -9.471529
365 -9.743539 -9.479955 -9.435526 -9.498730
366 -9.820778 -9.507270 -9.514529 -9.530934
367 -9.736953 -9.523329 -9.612610 -9.551537
368 -9.642349 -9.538070 -9.689874 -9.560618
369 -9.504037 -9.543854 -9.709290 -9.554960
370 -9.362132 -9.541938 -9.663686 -9.535678
371 -9.258547 -9.537663 -9.573865 -9.507964
372 -9.384286 -9.538273 -9.473268 -9.495596
373 -9.374106 -9.527424 -9.390046 -9.483446
374 -9.417816 -9.527676 -9.339886 -9.476883
375 -9.499846 -9.533783 -9.323953 -9.479179
376 -9.613010 -9.533951 -9.345659 -9.492562
377 -9.511821 -9.525987 -9.405416 -9.494488
378 -9.589659 -9.514910 -9.481699 -9.504005
379 -9.671089 -9.504443 -9.540938 -9.520714
380 -9.709410 -9.507401 -9.575871 -9.539583
381 -9.504636 -9.501367 -9.599919 -9.536088
382 -9.150172 -9.486972 -9.602687 -9.497496
383 -9.311237 -9.471393 -9.548112 -9.478869
384 -9.576486 -9.502096 -9.439135 -9.488630
385 -8.895701 -9.469380 -9.349778 -9.429338
386 -10.046509 -9.495906 -9.325023 -9.491055
387 -10.197993 -9.555864 -9.338378 -9.561749
388 -10.120754 -9.599083 -9.450130 -9.617649
389 -10.035731 -9.628757 -9.695454 -9.659457
390 -10.294394 -9.668970 -9.933539 -9.722950
391 -10.922487 -9.760782 -10.044055 -9.842904
392 -10.964400 -9.860008 -10.136140 -9.955053
393 -10.972183 -9.970335 -10.354335 -10.056767
394 -10.602752 -10.072159 -10.630548 -10.111364
395 -10.136322 -10.162260 -10.794648 -10.113859
396 -10.151291 -10.220591 -10.756450 -10.117602
397 -10.202784 -10.281161 -10.563086 -10.126120
398 -10.102792 -10.359239 -10.339405 -10.123787
399 -10.255474 -10.369644 -10.186352 -10.136955
400 -10.217154 -10.371861 -10.123761 -10.144975
401 -10.490186 -10.389500 -10.119468 -10.179496
402 -10.535092 -10.422179 -10.144796 -10.215055
403 -10.532698 -10.429472 -10.198927 -10.246819
404 -10.681787 -10.407725 -10.291511 -10.290317
405 -10.293795 -10.354772 -10.395904 -10.290665
406 -9.804611 -10.287352 -10.446917 -10.242059
407 -9.647140 -10.228123 -10.382237 -10.182567
408 -9.228010 -10.169073 -10.192885 -10.087111
409 -9.175919 -10.101342 -9.932668 -9.995992
410 -9.173524 -10.025781 -9.671721 -9.913745
411 -9.012459 -9.935919 -9.450647 -9.823616
412 -8.919053 -9.839316 -9.272538 -9.733160
413 -8.804092 -9.739083 -9.130920 -9.640253
414 -8.768167 -9.618279 -9.022156 -9.553044
415 -8.770562 -9.480110 -8.939485 -9.474795
416 -8.940608 -9.349319 -8.873194 -9.421376
417 -8.833431 -9.213533 -8.826052 -9.362581
418 -8.490943 -9.092381 -8.802737 -9.275417
419 -8.287367 -8.974498 -8.776702 -9.176612
420 -8.128696 -8.861130 -8.696451 -9.071820
421 -8.076006 -8.764035 -8.545932 -8.972239
422 -7.760462 -8.657218 -8.365479 -8.851060
423 -7.892189 -8.556100 -8.201238 -8.755173
424 -8.021520 -8.474537 -8.062798 -8.681808
425 -7.668853 -8.376737 -7.954759 -8.580512
426 -7.528744 -8.270206 -7.876715 -8.475335
427 -7.719148 -8.176154 -7.794527 -8.399716
428 -7.536528 -8.085370 -7.691999 -8.313397
429 -7.418573 -7.968602 -7.615374 -8.223915
430 -7.623946 -7.866765 -7.578186 -8.163918
431 -7.650890 -7.795298 -7.539931 -8.112616
432 -7.879615 -7.757840 -7.514338 -8.089315
433 -8.301138 -7.757433 -7.562307 -8.110497
434 -8.479567 -7.783215 -7.706967 -8.147404
435 -8.605905 -7.835654 -7.921406 -8.193254
436 -8.265213 -7.879567 -8.154294 -8.200449
437 -8.301138 -7.917839 -8.339022 -8.210518
438 -8.475974 -7.977427 -8.418119 -8.237063
439 -8.744217 -8.064570 -8.406399 -8.287779
440 -8.844808 -8.156024 -8.399249 -8.343481
441 -8.799302 -8.254639 -8.479601 -8.389063
442 -8.829240 -8.365325 -8.616415 -8.433081
443 -8.856783 -8.464754 -8.721120 -8.475451
444 -9.148975 -8.566542 -8.769913 -8.542803
445 -9.228609 -8.660762 -8.810041 -8.611383
446 -9.498648 -8.749534 -8.891919 -8.700109
447 -9.643546 -8.835922 -9.027045 -8.794453
448 -9.384885 -8.912323 -9.194480 -8.853496
449 -9.395063 -8.995167 -9.348522 -8.907652
450 -9.278306 -9.077651 -9.436801 -8.944717
451 -9.292077 -9.138796 -9.437911 -8.979453
452 -9.142388 -9.175799 -9.378715 -8.995747
453 -9.039403 -9.195762 -9.302360 -9.000112
454 -9.223221 -9.229136 -9.221219 -9.022423
455 -9.404643 -9.259816 -9.149304 -9.060644
456 -9.611813 -9.314219 -9.131097 -9.115761
457 -9.412427 -9.336912 -9.197414 -9.145428
458 -9.546548 -9.357413 -9.310294 -9.185539
459 -9.781260 -9.367796 -9.398118 -9.245111
460 -9.895622 -9.380178 -9.447632 -9.310163
461 -9.579480 -9.396811 -9.500304 -9.337093
462 -9.222622 -9.399494 -9.572559 -9.325646
463 -9.307645 -9.398835 -9.604963 -9.323846
464 -9.274714 -9.390920 -9.535119 -9.318933
465 -9.246572 -9.418702 -9.395235 -9.311696
466 -9.422606 -9.432844 -9.281358 -9.322787
467 -9.600436 -9.459513 -9.253016 -9.350553
468 -9.491463 -9.459454 -9.297136 -9.364643
469 -9.702225 -9.469033 -9.374382 -9.398401
470 -9.855506 -9.487415 -9.447502 -9.444112
471 -9.891431 -9.514814 -9.513603 -9.488844
472 -9.829760 -9.535423 -9.598480 -9.522935
473 -9.754316 -9.537052 -9.700342 -9.546073
474 -9.704619 -9.549710 -9.778971 -9.561927
475 -9.668096 -9.578271 -9.797080 -9.572543
476 -13.854589 -9.795079 -9.796627 -10.000748
477 -13.944403 -10.185790 -10.030524 -10.395113
478 -11.187736 -10.444943 -10.858637 -10.474375
479 -9.268726 -10.451363 -11.978067 -10.353809
480 -9.973460 -10.470619 -12.363551 -10.315774
481 -9.786649 -10.503418 -11.579294 -10.262861
482 -9.701626 -10.503790 -10.462605 -10.206738
483 -9.951905 -10.507179 -9.864464 -10.181254
484 -9.907598 -10.513166 -9.747702 -10.153889
485 -10.511143 -10.579496 -9.785773 -10.189613
486 -9.926159 -10.606393 -9.905620 -10.163267
487 -9.677077 -10.612619 -10.093200 -10.114648
488 -9.878858 -10.585077 -10.171045 -10.091068
489 -11.330838 -10.389750 -10.084864 -10.215046
490 -9.980047 -10.105091 -10.054713 -10.191546
491 -10.375824 -10.055849 -10.234214 -10.209974
492 -10.229728 -10.133017 -10.395395 -10.211949
493 -10.142309 -10.151410 -10.365689 -10.204985
494 -10.323133 -10.196677 -10.272985 -10.216800
495 -10.181828 -10.238266 -10.239218 -10.213303
496 -10.069262 -10.254672 -10.230824 -10.198898
497 -10.093211 -10.254109 -10.206185 -10.188330
498 -9.911190 -10.197263 -10.167655 -10.160616
499 -9.887239 -10.193480 -10.100643 -10.133278
500 -9.546548 -10.182737 -10.003323 -10.074605
501 -9.705817 -10.122562 -9.882701 -10.037726
502 -9.556727 -10.015757 -9.757055 -9.989626
503 -9.508826 -9.982046 -9.664052 -9.941546
504 -9.548944 -9.910854 -9.608493 -9.902286
505 -9.532178 -9.856249 -9.569709 -9.865274
506 -9.628577 -9.806947 -9.541719 -9.841604
507 -9.769285 -9.758627 -9.536700 -9.834373
508 -9.764495 -9.720043 -9.556170 -9.827385
509 -9.548944 -9.679854 -9.590045 -9.799541
510 -9.351355 -9.625644 -9.615197 -9.754722
511 -9.048384 -9.563049 -9.583256 -9.684088
512 -9.242381 -9.513269 -9.464160 -9.639917
513 -8.956176 -9.469380 -9.299149 -9.571543
514 -8.805888 -9.402141 -9.161197 -9.494977
515 -8.729847 -9.335176 -9.054595 -9.418464
516 -8.724458 -9.269565 -8.939541 -9.349063
517 -8.616083 -9.195354 -8.818008 -9.275764
518 -8.550818 -9.115109 -8.724098 -9.203269
519 -8.502918 -9.033343 -8.659944 -9.133234
520 -8.488548 -8.943195 -8.610958 -9.068766
521 -8.600515 -8.847155 -8.572982 -9.021940
522 -8.481962 -8.767772 -8.540555 -8.967942
523 -8.335866 -8.699550 -8.505379 -8.904735
524 -7.995773 -8.621939 -8.460183 -8.813839
525 -7.867640 -8.524210 -8.385631 -8.719219
526 -7.895182 -8.443295 -8.258140 -8.636815
527 -7.879615 -8.373420 -8.094975 -8.561094
528 -7.980804 -8.312012 -7.960424 -8.503065
529 -7.818542 -8.253477 -7.901202 -8.434612
530 -8.116721 -8.210930 -7.905449 -8.402822
531 -8.225096 -8.184225 -7.939220 -8.385050
532 -8.431067 -8.166191 -8.001572 -8.389651
533 -8.520283 -8.162550 -8.101830 -8.402714
534 -8.442444 -8.157233 -8.222035 -8.406687
535 -8.335267 -8.151414 -8.323668 -8.399545
536 -8.292157 -8.161137 -8.380053 -8.388805
537 -8.349038 -8.191865 -8.394065 -8.384829
538 -8.507110 -8.241203 -8.391628 -8.397057
539 -8.619676 -8.293151 -8.396883 -8.419318
540 -8.662188 -8.353912 -8.425816 -8.443605
541 -8.919053 -8.426038 -8.488052 -8.491150
542 -9.121432 -8.507505 -8.586986 -8.554178
543 -8.945398 -8.587822 -8.717524 -8.593300
544 -9.216036 -8.660008 -8.865568 -8.655573
545 -9.365725 -8.732553 -9.005484 -8.726587
546 -9.455538 -8.811037 -9.118516 -8.799482
547 -9.381890 -8.890169 -9.213291 -8.857723
548 -9.278905 -8.962427 -9.295289 -8.899841
549 -9.419612 -9.042457 -9.344649 -8.951818
550 -9.479487 -9.119325 -9.354429 -9.004585
551 -9.607022 -9.199091 -9.349762 -9.064829
552 -9.671688 -9.273947 -9.365211 -9.125515
553 -9.736354 -9.350504 -9.416561 -9.186599
554 -9.723780 -9.411817 -9.494819 -9.240316
555 -9.872869 -9.471944 -9.582445 -9.303571
556 -9.695639 -9.527029 -9.666183 -9.342777
557 -9.951905 -9.577983 -9.740128 -9.403690
558 -10.007589 -9.631236 -9.798203 -9.464080
559 -9.741742 -9.665964 -9.847734 -9.491846
560 -9.929751 -9.703997 -9.887515 -9.535637
561 -10.030941 -9.770842 -9.900331 -9.585167
562 -10.088422 -9.826766 -9.911118 -9.635492
563 -10.054892 -9.872822 -9.958641 -9.677432
564 -10.074051 -9.911837 -10.012611 -9.717093
565 -10.121952 -9.951259 -10.027381 -9.757580
566 -10.237512 -9.994728 -10.030162 -9.805573
567 -10.050101 -10.024055 -10.063303 -9.830025
568 -11.161989 -10.139951 -10.145736 -9.963221
569 -10.645863 -10.219430 -10.310951 -10.031485
570 -10.337503 -10.257677 -10.559287 -10.062086
571 -9.859697 -10.257606 -10.721820 -10.041847
572 -9.978251 -10.270335 -10.629869 -10.035487
573 -9.868678 -10.251463 -10.336308 -10.018806
574 -9.718989 -10.227703 -10.056871 -9.988825
575 -9.556129 -10.194605 -9.900983 -9.945556
576 -9.565109 -10.166044 -9.812697 -9.907511
577 -9.474698 -10.114574 -9.724230 -9.864229
578 -9.422606 -10.055718 -9.630546 -9.820066
579 -9.342972 -9.981424 -9.543788 -9.772357
580 -9.414823 -9.874079 -9.460416 -9.736604
581 -9.371113 -9.737563 -9.389108 -9.700054
582 -9.529783 -9.640445 -9.354360 -9.683026
583 -9.546548 -9.583479 -9.360228 -9.669378
584 -9.571696 -9.561098 -9.393778 -9.659610
585 -9.432186 -9.526981 -9.440551 -9.636867
586 -9.413026 -9.491032 -9.480989 -9.614482
587 -9.381890 -9.469057 -9.487300 -9.591223
588 -9.489068 -9.448676 -9.454052 -9.581007
589 -9.436378 -9.442496 -9.411481 -9.566544
590 -9.656719 -9.457058 -9.398003 -9.575561
591 -9.740545 -9.486972 -9.432206 -9.592058
592 -9.699829 -9.520096 -9.512720 -9.602836
593 -10.061478 -9.558990 -9.612708 -9.648699
594 -10.036928 -9.607119 -9.703586 -9.687521
595 -10.083632 -9.656073 -9.790865 -9.727132
596 -10.065669 -9.697040 -9.887267 -9.760985
597 -10.214759 -9.745358 -9.977425 -9.806362
598 -10.318343 -9.811953 -10.043548 -9.857560
599 -10.332713 -9.893228 -10.103564 -9.905075
600 -10.485994 -9.973808 -10.180744 -9.963166
601 -10.398577 -10.050951 -10.267730 -10.006707
602 -10.374626 -10.117845 -10.336429 -10.043498
603 -10.247091 -10.162535 -10.364464 -10.063857
604 -10.126143 -10.194293 -10.347938 -10.070086
605 -9.992022 -10.213729 -10.289740 -10.062279
606 -10.085427 -10.223356 -10.203683 -10.064593
607 -10.049502 -10.224446 -10.120301 -10.063085
608 -10.006392 -10.229381 -10.072040 -10.057415
609 -9.720786 -10.209322 -10.056645 -10.023751
610 -9.778865 -10.176798 -10.034950 -9.999262
611 -9.781859 -10.136885 -9.971107 -9.977521
612 -9.853110 -10.093943 -9.886265 -9.965080
613 -9.606423 -10.026930 -9.822730 -9.929214
614 -9.305250 -9.951187 -9.775290 -9.866817
615 -9.283695 -9.873457 -9.693582 -9.808505
616 -9.160352 -9.793283 -9.559983 -9.743689
617 -8.993897 -9.719110 -9.412153 -9.668709
618 -9.180110 -9.640349 -9.286905 -9.619848
619 -8.940009 -9.555961 -9.190567 -9.551865
620 -8.915461 -9.462052 -9.116456 -9.488224
621 -8.677156 -9.359426 -9.046885 -9.407117
622 -8.615484 -9.268798 -8.956035 -9.327953
623 -8.609497 -9.169931 -8.841695 -9.256107
624 -8.432265 -9.061234 -8.728183 -9.173723
625 -8.474777 -8.955936 -8.628689 -9.103828
626 -8.499925 -8.873907 -8.544067 -9.043438
627 -8.497530 -8.803828 -8.484737 -8.988848
628 -8.437654 -8.739606 -8.462558 -8.933728
629 -8.342452 -8.671623 -8.460343 -8.874599
630 -8.318501 -8.609342 -8.441748 -8.818990
631 -8.380773 -8.548520 -8.394752 -8.775167
632 -8.550818 -8.505780 -8.345600 -8.752732
633 -8.327483 -8.473711 -8.328303 -8.710207
634 -8.328681 -8.439439 -8.345392 -8.672054
635 -8.234077 -8.406711 -8.359601 -8.628257
636 -8.226892 -8.385634 -8.338262 -8.588120
637 -8.374187 -8.374031 -8.289706 -8.566727
638 -8.429272 -8.370689 -8.256230 -8.552981
639 -8.538844 -8.370234 -8.271105 -8.551567
640 -8.420290 -8.366642 -8.330575 -8.538439
641 -8.249645 -8.363732 -8.395362 -8.509560
642 -8.226892 -8.358654 -8.418331 -8.481293
643 -8.526270 -8.371420 -8.389030 -8.485790
644 -8.565787 -8.380497 -8.350687 -8.493790
645 -8.583152 -8.386592 -8.358355 -8.502726
646 -8.561597 -8.405273 -8.412040 -8.508613
647 -8.848400 -8.441043 -8.476319 -8.542591
648 -8.727451 -8.481208 -8.536541 -8.561077
649 -8.819061 -8.526952 -8.605747 -8.586876
650 -9.467513 -8.564901 -8.680161 -8.674939
651 -9.217832 -8.612370 -8.745862 -8.729228
652 -9.107062 -8.655038 -8.818211 -8.767012
653 -9.216036 -8.720507 -8.911190 -8.811913
654 -9.088501 -8.786788 -9.005785 -8.839572
655 -9.068143 -8.843838 -9.073613 -8.862429
656 -9.017249 -8.891211 -9.101138 -8.877911
657 -9.316627 -8.949099 -9.093413 -8.921782
658 -9.172925 -9.001526 -9.085135 -8.946897
659 -9.217233 -9.053066 -9.113998 -8.973930
660 -9.551937 -9.116834 -9.173187 -9.031731
661 -9.360934 -9.176793 -9.250186 -9.064651
662 -9.745934 -9.248200 -9.352661 -9.132778
663 -9.827364 -9.309776 -9.462397 -9.202237
664 -9.987830 -9.382142 -9.565019 -9.280796
665 -10.145902 -9.454723 -9.681617 -9.367307
666 -9.854308 -9.522909 -9.815758 -9.416006
667 -9.919573 -9.593083 -9.923504 -9.466363
668 -10.051299 -9.664551 -9.969912 -9.524857
669 -9.872271 -9.733120 -9.966895 -9.559598
670 -9.671089 -9.785763 -9.950233 -9.570746
671 -9.829760 -9.836465 -9.937049 -9.596647
672 -9.575888 -9.865362 -9.916585 -9.594571
673 -9.710009 -9.874331 -9.874846 -9.606114
674 -9.487271 -9.880834 -9.810104 -9.594231
675 -9.635763 -9.874248 -9.732948 -9.598384
676 -9.500444 -9.842441 -9.657386 -9.588590
677 -9.594449 -9.807342 -9.601918 -9.589175
678 -9.477692 -9.769082 -9.567799 -9.578027
679 -9.511222 -9.730090 -9.547968 -9.571346
680 -9.595047 -9.703865 -9.529148 -9.573716
681 -9.453142 -9.659844 -9.515039 -9.561659
682 -10.969190 -9.677520 -9.520721 -9.702412
683 -11.485316 -9.803809 -9.608890 -9.880702
684 -10.784774 -9.897814 -9.922258 -9.971109
685 -10.380015 -9.963533 -10.438207 -10.011999
686 -9.879456 -9.985639 -10.812195 -9.998745
687 -9.685459 -10.000681 -10.757773 -9.967416
688 -9.572295 -10.003805 -10.391606 -9.927903
689 -9.616603 -10.008979 -10.013236 -9.896773
690 -9.501043 -10.001387 -9.763293 -9.857201
691 -9.529783 -10.004728 -9.624010 -9.824458
692 -9.594449 -10.008212 -9.548292 -9.801457
693 -9.497451 -10.007745 -9.517666 -9.771056
694 -9.476494 -10.004333 -9.522946 -9.741599
695 -9.596245 -9.880881 -9.528454 -9.727063
696 -9.569301 -9.741850 -9.513287 -9.711287
697 -9.543554 -9.641918 -9.501824 -9.694513
698 -9.772878 -9.597143 -9.513843 -9.702349
699 -9.693243 -9.583731 -9.538483 -9.701438
700 -9.525592 -9.573468 -9.570824 -9.683853
701 -9.636361 -9.576366 -9.602596 -9.679104
702 -9.479487 -9.579683 -9.612184 -9.659142
703 -9.566906 -9.576534 -9.595610 -9.649918
704 -9.767488 -9.587276 -9.565507 -9.661674
705 -9.956696 -9.608052 -9.549332 -9.691176
706 -10.101594 -9.650552 -9.591767 -9.732218
707 -10.140513 -9.703266 -9.711766 -9.773047
708 -10.308764 -9.754987 -9.869675 -9.826618
709 -10.242900 -9.812862 -10.012296 -9.868246
710 -10.289004 -9.872223 -10.120291 -9.910321
711 -10.360855 -9.918591 -10.194663 -9.955374
712 -10.166260 -9.968982 -10.240313 -9.976462
713 -10.127939 -10.014116 -10.258800 -9.991610
714 -10.112970 -10.044964 -10.240381 -10.003746
715 -10.014774 -10.086170 -10.179955 -10.004848
716 -10.133328 -10.123126 -10.096318 -10.017696
717 -10.260863 -10.156524 -10.031001 -10.042013
718 -10.060280 -10.170666 -10.020277 -10.043839
719 -10.103989 -10.166582 -10.057924 -10.049854
720 -10.059082 -10.161733 -10.092069 -10.050776
721 -10.126741 -10.141998 -10.086871 -10.058372
722 -10.015972 -10.118826 -10.059983 -10.054132
723 -9.944720 -10.092972 -10.032684 -10.043192
724 -9.841735 -10.054388 -9.998627 -10.023046
725 -9.751323 -10.021660 -9.952213 -9.995873
726 -9.553733 -9.982537 -9.888939 -9.951658
727 -9.592652 -9.950840 -9.802664 -9.915758
728 -9.517808 -9.912735 -9.701226 -9.875963
729 -9.575888 -9.874390 -9.617005 -9.845956
730 -9.272319 -9.814814 -9.567365 -9.788591
731 -9.041798 -9.739144 -9.531109 -9.713912
732 -9.125025 -9.661006 -9.457240 -9.655023
733 -9.078321 -9.580905 -9.324093 -9.597352
734 -8.957374 -9.493666 -9.178091 -9.533354
735 -8.907078 -9.414032 -9.072187 -9.470726
736 -8.658595 -9.328254 -9.004056 -9.389513
737 -8.627460 -9.241303 -8.946117 -9.313308
738 -8.880733 -9.172543 -8.882838 -9.270050
739 -8.998089 -9.121767 -8.822545 -9.242854
740 -8.806487 -9.062671 -8.799006 -9.199217
741 -8.936417 -9.016398 -8.830349 -9.172936
742 -9.100476 -8.975384 -8.878191 -9.165690
743 -8.850196 -8.946045 -8.910097 -9.134140
744 -8.700507 -8.920346 -8.926469 -9.090776
745 -8.714279 -8.885571 -8.909603 -9.053126
746 -8.842413 -8.867871 -8.842615 -9.032055
747 -8.772358 -8.857417 -8.762685 -9.006084
748 -8.843011 -8.841682 -8.729959 -8.989777
749 -8.701106 -8.843993 -8.742655 -8.960909
750 -8.672965 -8.841287 -8.757594 -8.932114
751 -8.791518 -8.827432 -8.750404 -8.918055
752 -8.834030 -8.812271 -8.729623 -8.909652
753 -8.891510 -8.807038 -8.718287 -8.907837
754 -8.873548 -8.795494 -8.733822 -8.904408
755 -8.847202 -8.781184 -8.767114 -8.898686
756 -8.836425 -8.783184 -8.792545 -8.892460
757 -8.996891 -8.802152 -8.806555 -8.902903
758 -9.081915 -8.828522 -8.826719 -8.920804
759 -9.120833 -8.847777 -8.869183 -8.940807
760 -9.033415 -8.871896 -8.932398 -8.950068
761 -8.953781 -8.882840 -8.993815 -8.950438
762 -8.895103 -8.900743 -9.019763 -8.944904
763 -9.002280 -8.922047 -8.998808 -8.950642
764 -8.890912 -8.934765 -8.957977 -8.944669
765 -8.878937 -8.936848 -8.926908 -8.938095
766 -8.757988 -8.933016 -8.901744 -8.920085
767 -8.492740 -8.915892 -8.862676 -8.877350
768 -8.433463 -8.881895 -8.791675 -8.832961
769 -8.442444 -8.842592 -8.680349 -8.793909
770 -8.322095 -8.791423 -8.548670 -8.746727
771 -8.281978 -8.728206 -8.434494 -8.700252
772 -8.404124 -8.663612 -8.354765 -8.670639
773 -8.234676 -8.602312 -8.302757 -8.627043
774 -8.366403 -8.548592 -8.272339 -8.600979
775 -8.205936 -8.494476 -8.257313 -8.561475
776 -8.298144 -8.440612 -8.249668 -8.535141
777 -8.478370 -8.397406 -8.245440 -8.529464
778 -8.542437 -8.373480 -8.255084 -8.530761
779 -8.560399 -8.357900 -8.299289 -8.533724
780 -8.789722 -8.376270 -8.382949 -8.559323
781 -8.633447 -8.396256 -8.478533 -8.566735
782 -8.830438 -8.426817 -8.562497 -8.593105
783 -8.799901 -8.460934 -8.626354 -8.613785
784 -8.500524 -8.489985 -8.669273 -8.602459
785 -8.713081 -8.552807 -8.694164 -8.613521
786 -8.852592 -8.599414 -8.723052 -8.637427
787 -9.010663 -8.632824 -8.775416 -8.674751
788 -9.193882 -8.703418 -8.818595 -8.726664
789 -9.113050 -8.766071 -8.844207 -8.765303
790 -9.192684 -8.820558 -8.900969 -8.808041
791 -9.394464 -8.878433 -8.994465 -8.866683
792 -9.527389 -8.940453 -9.083498 -8.932754
793 -9.642349 -9.000460 -9.162353 -9.003714
794 -10.626103 -9.084118 -9.259292 -9.165953
795 -9.015452 -9.130174 -9.365119 -9.150903
796 -9.259745 -9.164244 -9.452150 -9.161787
797 -9.925560 -9.247686 -9.460647 -9.238164
798 -9.766891 -9.307693 -9.411520 -9.291037
799 -9.798025 -9.390680 -9.436670 -9.341735
800 -10.035132 -9.476518 -9.583877 -9.411075
801 -9.915980 -9.551327 -9.749816 -9.461565
802 -9.599238 -9.640780 -9.875417 -9.475332
803 -10.490785 -9.699518 -9.966107 -9.576878
804 -10.442286 -9.775489 -10.016142 -9.663418
805 -9.999207 -9.848344 -10.049823 -9.696997
806 -10.195599 -9.894809 -10.114598 -9.746857
807 -10.250684 -9.934589 -10.178005 -9.797239
808 -10.060879 -10.007613 -10.178409 -9.823604
809 -10.112970 -10.072314 -10.148055 -9.852540
810 -10.248289 -10.114790 -10.129759 -9.892115
811 -10.265054 -10.140694 -10.130511 -9.929408
812 -10.337503 -10.174031 -10.149677 -9.970218
813 -10.499766 -10.206903 -10.195966 -10.023172
814 -10.450069 -10.240397 -10.267366 -10.065862
815 -10.400971 -10.270121 -10.339068 -10.099373
816 -10.505155 -10.282610 -10.377356 -10.139951
817 -10.542876 -10.293077 -10.380059 -10.180243
818 -10.509945 -10.330295 -10.386483 -10.213214
819 -10.439891 -10.355515 -10.421335 -10.235882
820 -10.482402 -10.377058 -10.461519 -10.260534
821 -10.328522 -10.396062 -10.469927 -10.267333
822 -10.481804 -10.417892 -10.443542 -10.288780
823 -10.380015 -10.430562 -10.406408 -10.297903
824 -10.332713 -10.435328 -10.382892 -10.301384
825 -10.336905 -10.427760 -10.370755 -10.304935
826 -10.400373 -10.420802 -10.355336 -10.314479
827 -10.477014 -10.424575 -10.336526 -10.330732
828 -10.399774 -10.425749 -10.330406 -10.337636
829 -10.379416 -10.421461 -10.346356 -10.341814
830 -10.193204 -10.400588 -10.368164 -10.326953
831 -10.002201 -10.365968 -10.363176 -10.294477
832 -9.817784 -10.322055 -10.301130 -10.246808
833 -9.778865 -10.269796 -10.177778 -10.200013
834 -9.624985 -10.213621 -10.017796 -10.142510
835 -9.669293 -10.155841 -9.863461 -10.095188
836 -9.619596 -10.094996 -9.748406 -10.047629
837 -9.470507 -10.025970 -9.676547 -9.989917
838 -9.340576 -9.946349 -9.618599 -9.924982
839 -9.536968 -9.873085 -9.541647 -9.886181
840 -9.322015 -9.787619 -9.454204 -9.829764
841 -9.293874 -9.704464 -9.396257 -9.776175
842 -9.134604 -9.619286 -9.374563 -9.712018
843 -9.283096 -9.553614 -9.359045 -9.669126
844 -9.456137 -9.507438 -9.336550 -9.647826
845 -9.401649 -9.478961 -9.328803 -9.623208
846 -9.534574 -9.453597 -9.347008 -9.614344
847 -9.209449 -9.427719 -9.374498 -9.573854
848 -9.470507 -9.401003 -9.384280 -9.563519
849 -9.096884 -9.368108 -9.360335 -9.516855
850 -9.106463 -9.340505 -9.307303 -9.475816
851 -9.089100 -9.311297 -9.227741 -9.437143
852 -8.849598 -9.266475 -9.131327 -9.378389
853 -8.752600 -9.219089 -9.032818 -9.315810
854 -8.718471 -9.174877 -8.941820 -9.256076
855 -8.623268 -9.119911 -8.856833 -9.192795
856 -8.528067 -9.056408 -8.777932 -9.126322
857 -8.577763 -8.985275 -8.702131 -9.071466
858 -8.656199 -8.918466 -8.624772 -9.029940
859 -8.335267 -8.831491 -8.557125 -8.960472
860 -8.464000 -8.771173 -8.511320 -8.910825
861 -8.430470 -8.697837 -8.474563 -8.862789
862 -8.369995 -8.643291 -8.440159 -8.813510
863 -8.244256 -8.582265 -8.409704 -8.756584
864 -8.294552 -8.530976 -8.377626 -8.710381
865 -8.222102 -8.485147 -8.337202 -8.661552
866 -8.199948 -8.434517 -8.296017 -8.615392
867 -8.043075 -8.382689 -8.251893 -8.558160
868 -8.021520 -8.338501 -8.194055 -8.504496
869 -7.958650 -8.296839 -8.130260 -8.449911
870 -7.925120 -8.246699 -8.071770 -8.397432
871 -7.664661 -8.176561 -8.007399 -8.324155
872 -7.635921 -8.115249 -7.918406 -8.255331
873 -7.461085 -8.039542 -7.800500 -8.175906
874 -7.490424 -7.964734 -7.676417 -8.107358
875 -7.398216 -7.893445 -7.572103 -8.036444
876 -7.367080 -7.818924 -7.498573 -7.969507
877 -7.656279 -7.761157 -7.451749 -7.938184
878 -7.638316 -7.713137 -7.435399 -7.908197
879 -7.968829 -7.697701 -7.467654 -7.914260
880 -8.201146 -7.698515 -7.561719 -7.942949
881 -8.377180 -7.723471 -7.721996 -7.986372
882 -8.817265 -7.778006 -7.931206 -8.069461
883 -8.872351 -7.857784 -8.158508 -8.149750
884 -9.153765 -7.976960 -8.390303 -8.250151
885 -9.342373 -8.109549 -8.628754 -8.359373
886 -9.274115 -8.251382 -8.860523 -8.450847
887 -9.295072 -8.398664 -9.049891 -8.535269
888 -9.336984 -8.567513 -9.173870 -8.615440
889 -9.705218 -8.731715 -9.254506 -8.724418
890 -9.839339 -8.893738 -9.339445 -8.835910
891 -9.669891 -9.028721 -9.432402 -8.919308
892 -9.668096 -9.157010 -9.496424 -8.994186
893 -9.326805 -9.245937 -9.514142 -9.027448
894 -9.642349 -9.325416 -9.501552 -9.088938
895 -9.529184 -9.391782 -9.466813 -9.132962
896 -9.808803 -9.449694 -9.440646 -9.200546
897 -9.833951 -9.503988 -9.474598 -9.263887
898 -10.016571 -9.560284 -9.577957 -9.339156
899 -9.204061 -9.598533 -9.705976 -9.325646
900 -10.312356 -9.653653 -9.806780 -9.424317
901 -10.161469 -9.699865 -9.847008 -9.498032
902 -10.175839 -9.753119 -9.880100 -9.565812
903 -9.973460 -9.795426 -9.969325 -9.606577
904 -9.814791 -9.819760 -10.072392 -9.627398
905 -10.146501 -9.856344 -10.086076 -9.679308
906 -10.255474 -9.928447 -10.018909 -9.736924
907 -10.290202 -9.994453 -9.985135 -9.792252
908 -10.445279 -10.053993 -10.053161 -9.857554
909 -10.428514 -10.100792 -10.176434 -9.914650
910 -10.437495 -10.137471 -10.275390 -9.966934
911 -10.969789 -10.179864 -10.324725 -10.067220
912 -12.421769 -10.409773 -10.401016 -10.302674
913 -11.156001 -10.523346 -10.669419 -10.388006
914 -10.344090 -10.547630 -11.137161 -10.383614
915 -9.790840 -10.541176 -11.409197 -10.324336
916 -9.817784 -10.522531 -11.160480 -10.273681
917 -10.658436 -10.571018 -10.596384 -10.312156
918 -9.797426 -10.551056 -10.167504 -10.260683
919 -9.950707 -10.517645 -10.036370 -10.229685
920 -9.878858 -10.483983 -10.019384 -10.194602
921 -9.884246 -10.444513 -9.966999 -10.163566
922 -10.051897 -10.413690 -9.897936 -10.152399
923 -10.193802 -10.399751 -9.882440 -10.156540
924 -10.119556 -10.290369 -9.933231 -10.152841
925 -10.294991 -10.131712 -10.027587 -10.167055
926 -10.358459 -10.076757 -10.121106 -10.186195
927 -10.351873 -10.075489 -10.177757 -10.202764
928 -10.160272 -10.104421 -10.208934 -10.198514
929 -10.190808 -10.116707 -10.227760 -10.197743
930 -10.054892 -10.093319 -10.214134 -10.183458
931 -9.989627 -10.098971 -10.157293 -10.164075
932 -10.078242 -10.107054 -10.071251 -10.155491
933 -9.857901 -10.108025 -9.990347 -10.125731
934 -9.845327 -10.105055 -9.941033 -10.097691
935 -9.759705 -10.070111 -9.903725 -10.063891
936 -9.635763 -10.028475 -9.846923 -10.021078
937 -9.759107 -9.991686 -9.777936 -9.994881
938 -9.793235 -9.952396 -9.724918 -9.974716
939 -9.814791 -9.915190 -9.702633 -9.958723
940 -9.575888 -9.868139 -9.712216 -9.920440
941 -9.504037 -9.810528 -9.726812 -9.878799
942 -9.254954 -9.762674 -9.693663 -9.816415
943 -9.221424 -9.717576 -9.603289 -9.756915
944 -9.479487 -9.672346 -9.499302 -9.729172
945 -9.438173 -9.629751 -9.423002 -9.700071
946 -9.331595 -9.586689 -9.384690 -9.663224
947 -9.468111 -9.553493 -9.370423 -9.643712
948 -9.017249 -9.519245 -9.354552 -9.581065
949 -8.998688 -9.471273 -9.324847 -9.522827
950 -8.908875 -9.408607 -9.267894 -9.461432
951 -8.670569 -9.318375 -9.163501 -9.382345
952 -8.623268 -9.238729 -9.021278 -9.306437
953 -8.792117 -9.169943 -8.879661 -9.255005
954 -9.029822 -9.115995 -8.774878 -9.232487
955 -9.077125 -9.088165 -8.734267 -9.216949
956 -9.101673 -9.065593 -8.774731 -9.205422
957 -8.967552 -9.031440 -8.872065 -9.181635
958 -9.145981 -9.008866 -8.964978 -9.178070
959 -9.017848 -8.981791 -9.012589 -9.162047
960 -8.972941 -8.954200 -9.023507 -9.143136
961 -9.028027 -8.950547 -9.021218 -9.131624
962 -8.934022 -8.947925 -9.013329 -9.111864
963 -9.056168 -8.958092 -9.003817 -9.106295
964 -9.033415 -8.986641 -8.995665 -9.099007
965 -9.216036 -9.012698 -8.994051 -9.110709
966 -9.142388 -9.041726 -9.002433 -9.113877
967 -9.101673 -9.045618 -9.019118 -9.112657
968 -9.043594 -9.042804 -9.031898 -9.105750
969 -9.077125 -9.039535 -9.030243 -9.102888
970 -8.914263 -9.034565 -9.014684 -9.084025
971 -8.957374 -9.028122 -8.996480 -9.071361
972 -8.857382 -9.014818 -8.979615 -9.049963
973 -8.677156 -8.990725 -8.952510 -9.012682
974 -8.446036 -8.952488 -8.891587 -8.956017
975 -8.550818 -8.914060 -8.787419 -8.915497
976 -8.277188 -8.861489 -8.659559 -8.851665
977 -8.150850 -8.798882 -8.541289 -8.781584
978 -8.169412 -8.719236 -8.434199 -8.720366
979 -8.025112 -8.637519 -8.316619 -8.650841
980 -8.001760 -8.553046 -8.191457 -8.585933
981 -8.129295 -8.480693 -8.088034 -8.540269
982 -8.095765 -8.404663 -8.030280 -8.495818
983 -8.226294 -8.341542 -8.023054 -8.468865
984 -8.236472 -8.286779 -8.054413 -8.445626
985 -8.180788 -8.236629 -8.106773 -8.419142
986 -8.042476 -8.192931 -8.152071 -8.381475
987 -8.047266 -8.152671 -8.158932 -8.348055
988 -8.076006 -8.121752 -8.121060 -8.320850
989 -8.167017 -8.104890 -8.072126 -8.305467
990 -8.077204 -8.098400 -8.049370 -8.282640
991 -8.096364 -8.100267 -8.053536 -8.264012
992 -8.258626 -8.111477 -8.061389 -8.263474
993 -8.220306 -8.131522 -8.071066 -8.259157
994 -8.282577 -8.141870 -8.100767 -8.261499
995 -8.547825 -8.163892 -8.153274 -8.290132
996 -8.684341 -8.194619 -8.219353 -8.329553
997 -8.749605 -8.230162 -8.310040 -8.371558
998 -8.678952 -8.268961 -8.428125 -8.402298
999 -8.147857 -8.305174 -8.530285 -8.376854
1000 -8.665780 -8.388951 -8.592532 -8.405746
1001 -9.280701 -8.458072 -8.651834 -8.493242
1002 -9.695040 -8.584229 -8.766828 -8.613422
1003 -9.637559 -8.706627 -8.960283 -8.715836
1004 -9.400452 -8.819157 -9.209399 -8.784297
1005 -9.710608 -8.946237 -9.430648 -8.876928
1006 -10.073453 -9.096285 -9.565360 -8.996581
1007 -9.934542 -9.234070 -9.673670 -9.090377
1008 -10.033336 -9.356684 -9.818382 -9.184673
1009 -10.174643 -9.495079 -9.957747 -9.283670
1010 -10.084829 -9.621536 -10.050841 -9.363786
1011 -10.169253 -9.743143 -10.131222 -9.444332
1012 -10.698553 -9.880043 -10.205759 -9.569755
1013 -10.969789 -9.986656 -10.240926 -9.709758
1014 -10.674603 -10.099558 -10.254000 -9.806242
1015 -10.296189 -10.166762 -10.316570 -9.855237
1016 -10.293795 -10.224937 -10.434688 -9.899093
1017 -10.112371 -10.261414 -10.490195 -9.920421
1018 -10.180630 -10.279664 -10.401520 -9.946441
1019 -10.208771 -10.290777 -10.251111 -9.972673
1020 -10.179432 -10.307865 -10.166329 -9.993349
1021 -10.238708 -10.310847 -10.165408 -10.017884
1022 -10.059082 -10.287759 -10.186289 -10.022003
1023 -10.045311 -10.271389 -10.177199 -10.024334
1024 -9.998010 -10.252217 -10.130894 -10.021701
1025 -10.074650 -10.253031 -10.076205 -10.026996
1026 -9.828562 -10.188174 -10.042066 -10.007152
1027 -10.019565 -10.144705 -10.031222 -10.008392
1028 -9.859697 -10.105762 -10.019623 -9.993523
1029 -9.959689 -10.086242 -9.993063 -9.990139
1030 -10.039923 -10.075512 -9.952102 -9.995117
1031 -10.002201 -10.061297 -9.919883 -9.995826
1032 -10.113569 -10.050005 -9.925884 -10.007600
1033 -10.207574 -10.046940 -9.971912 -10.027597
1034 -10.347084 -10.058340 -10.035759 -10.059546
1035 -10.312955 -10.079692 -10.105660 -10.084887
1036 -10.212363 -10.096684 -10.179295 -10.097634
1037 -10.362053 -10.123448 -10.241176 -10.124076
1038 -10.289004 -10.144261 -10.278322 -10.140568
1039 -10.349479 -10.170835 -10.298607 -10.161459
1040 -10.179432 -10.192975 -10.307281 -10.163257
1041 -10.072255 -10.219297 -10.300935 -10.154156
1042 -10.117761 -10.237271 -10.274773 -10.150516
1043 -9.958491 -10.240350 -10.229941 -10.131313
1044 -10.081237 -10.240733 -10.171025 -10.126306
1045 -10.039923 -10.231021 -10.107699 -10.117667
1046 -10.135723 -10.218532 -10.056542 -10.119473
1047 -9.872869 -10.193838 -10.027541 -10.094811
1048 -10.075249 -10.170391 -10.019003 -10.092854
1049 -9.724379 -10.137496 -10.010215 -10.056006
1050 -10.020762 -10.097846 -9.986996 -10.052482
1051 -10.192006 -10.064579 -9.942203 -10.066434
1052 -9.664503 -10.017649 -9.890635 -10.026241
1053 -9.813593 -9.976262 -9.847166 -10.004976
1054 -9.609418 -9.928434 -9.800528 -9.965420
1055 -9.477692 -9.875013 -9.732075 -9.916647
1056 -9.314231 -9.812599 -9.635284 -9.856405
1057 -9.308843 -9.750472 -9.513671 -9.801649
1058 -9.471106 -9.697399 -9.387422 -9.768594
1059 -9.214838 -9.630422 -9.302784 -9.713218
1060 -9.062755 -9.562775 -9.272978 -9.648171
1061 -8.943004 -9.477703 -9.248021 -9.577655
1062 -8.837623 -9.399817 -9.173457 -9.503652
1063 -8.708890 -9.303993 -9.048555 -9.424175
1064 -8.727451 -9.209665 -8.914017 -9.354503
1065 -8.524473 -9.117661 -8.798594 -9.271500
1066 -8.516091 -9.027656 -8.705482 -9.195959
1067 -8.301138 -8.943422 -8.626393 -9.106477
1068 -8.390352 -8.868327 -8.557359 -9.034863
1069 -8.237071 -8.787602 -8.489580 -8.955084
1070 -8.260423 -8.702363 -8.413364 -8.885617
1071 -8.096963 -8.601845 -8.326084 -8.806752
1072 -8.296947 -8.515337 -8.239456 -8.755772
1073 -8.214917 -8.445930 -8.165151 -8.701686
1074 -7.865244 -8.368773 -8.116697 -8.618042
1075 -7.889793 -8.298384 -8.082286 -8.545217
1076 -7.828122 -8.236317 -8.028834 -8.473507
1077 -7.937095 -8.173603 -7.957944 -8.419866
1078 -7.922725 -8.118122 -7.901508 -8.370152
1079 -7.980804 -8.074258 -7.874695 -8.331217
1080 -7.847282 -8.035950 -7.870821 -8.282824
1081 -8.046068 -8.006454 -7.884602 -8.259148
1082 -8.177196 -8.000587 -7.907297 -8.250953
1083 -8.234077 -8.003557 -7.946473 -8.249265
1084 -8.317904 -8.025711 -8.020977 -8.256128
1085 -8.380773 -8.039542 -8.121136 -8.268593
1086 -8.413105 -8.073300 -8.217982 -8.283044
1087 -8.288564 -8.109609 -8.299647 -8.283595
1088 -8.344847 -8.144922 -8.357128 -8.289721
1089 -8.311915 -8.181231 -8.374439 -8.291940
1090 -8.081395 -8.199601 -8.351507 -8.270885
1091 -8.018526 -8.212570 -8.296300 -8.245649
1092 -7.967033 -8.217887 -8.213640 -8.217788
1093 -7.822134 -8.213372 -8.118238 -8.178223
1094 -7.667057 -8.189722 -8.024440 -8.127106
1095 -7.676637 -8.150204 -7.930441 -8.082059
1096 -7.735913 -8.107896 -7.835006 -8.047444
1097 -7.647896 -8.056188 -7.757346 -8.007489
1098 -7.893985 -8.007424 -7.716855 -7.996139
1099 -8.088580 -7.976852 -7.718870 -8.005383
1100 -8.119117 -7.959033 -7.770148 -8.016756
1101 -8.101752 -7.939526 -7.870310 -8.025255
1102 -8.121511 -7.937454 -7.988411 -8.034881
1103 -8.225096 -7.946184 -8.077150 -8.053902
1104 -8.407118 -7.968111 -8.125091 -8.089223
1105 -8.560399 -8.017244 -8.167336 -8.136340
1106 -8.769963 -8.086891 -8.246399 -8.199702
1107 -8.708890 -8.164849 -8.374129 -8.250621
1108 -9.001082 -8.252316 -8.518637 -8.325666
1109 -8.871153 -8.344859 -8.636458 -8.380215
1110 -9.009465 -8.441857 -8.724372 -8.443139
1111 -9.085507 -8.533120 -8.802337 -8.507376
1112 -9.374705 -8.632250 -8.886847 -8.594109
1113 -10.433903 -8.732062 -8.990603 -8.778088
1114 -10.534493 -8.886900 -9.127527 -8.953728
1115 -9.737551 -9.006699 -9.316799 -9.032109
1116 -10.477014 -9.158962 -9.560534 -9.176600
1117 -9.912388 -9.290150 -9.775789 -9.250178
1118 -9.954300 -9.394823 -9.914559 -9.320590
1119 -9.375903 -9.474841 -9.975366 -9.326121
1120 -9.743539 -9.546800 -9.958362 -9.367863
1121 -9.792637 -9.622854 -9.860149 -9.410339
1122 -9.652528 -9.692728 -9.745388 -9.434558
1123 -9.553135 -9.752556 -9.702646 -9.446416
1124 -9.684262 -9.805462 -9.723651 -9.470200
1125 -9.853709 -9.844872 -9.757990 -9.508550
1126 -9.070539 -9.905382 -9.801356 -9.464748
1127 -10.294394 -9.911501 -9.890165 -9.547712
1128 -10.725496 -9.978095 -10.010899 -9.665491
1129 -10.533297 -10.009146 -10.146688 -9.752272
1130 -10.138118 -10.039552 -10.303194 -9.790856
1131 -10.030941 -10.051250 -10.424335 -9.814864
1132 -10.056687 -10.100277 -10.414905 -9.839046
1133 -10.117162 -10.131891 -10.297583 -9.866858
1134 -10.047706 -10.155482 -10.183835 -9.884942
1135 -9.982442 -10.179110 -10.123981 -9.894691
1136 -10.071656 -10.187084 -10.080886 -9.912388
1137 -10.190209 -10.201419 -10.028360 -9.940170
1138 -10.230327 -10.193252 -9.991026 -9.969185
1139 -10.388996 -10.229883 -10.007819 -10.011166
1140 -10.403965 -10.225129 -10.088021 -10.050446
1141 -10.344688 -10.200018 -10.198064 -10.079869
1142 -10.423125 -10.191504 -10.288120 -10.114195
1143 -10.433903 -10.213824 -10.336289 -10.146166
1144 -10.383009 -10.228446 -10.358241 -10.169849
1145 -10.441687 -10.252289 -10.373006 -10.197033
1146 -10.533895 -10.276814 -10.382339 -10.230719
1147 -10.323133 -10.303243 -10.384412 -10.239960
1148 -10.231524 -10.324295 -10.379858 -10.239116
1149 -10.026151 -10.335970 -10.350804 -10.217819
1150 -10.190808 -10.334426 -10.283536 -10.215118
1151 -10.132131 -10.321194 -10.196471 -10.206820
1152 -10.132730 -10.298680 -10.127851 -10.199410
1153 -10.035132 -10.275603 -10.094191 -10.182982
1154 -10.084230 -10.256935 -10.083203 -10.173107
1155 -10.005195 -10.219692 -10.075605 -10.156316
1156 -9.966275 -10.191419 -10.062510 -10.137312
1157 -9.992620 -10.159314 -10.040042 -10.122843
1158 -10.053095 -10.125736 -10.014959 -10.115868
1159 -9.977652 -10.094948 -9.994136 -10.102046
1160 -10.102792 -10.082411 -9.986809 -10.102119
1161 -10.112371 -10.063417 -9.998405 -10.103145
1162 -9.780063 -10.039156 -10.007170 -10.070836
1163 -9.720187 -10.015720 -9.977102 -10.035770
1164 -9.697434 -9.973149 -9.899519 -10.001937
1165 -9.372311 -9.919106 -9.797518 -9.938974
1166 -9.173524 -9.851434 -9.677963 -9.862430
1167 -9.120234 -9.775380 -9.530051 -9.788210
1168 -8.772957 -9.679424 -9.358028 -9.686685
1169 -8.737032 -9.576821 -9.177583 -9.591719
1170 -8.848400 -9.484446 -9.002074 -9.517386
1171 -8.716674 -9.386202 -8.861664 -9.437315
1172 -8.838820 -9.273780 -8.786578 -9.377465
1173 -8.799302 -9.181236 -8.760516 -9.319649
1174 -8.758587 -9.086118 -8.750255 -9.263542
1175 -8.771161 -9.000160 -8.742943 -9.214304
1176 -8.603509 -8.908838 -8.727886 -9.153224
1177 -8.431067 -8.820210 -8.687731 -9.081009
1178 -8.374187 -8.743797 -8.619177 -9.010326
1179 -8.344847 -8.675731 -8.527588 -8.943779
1180 -7.892787 -8.604946 -8.423269 -8.838680
1181 -8.132289 -8.551490 -8.321345 -8.768041
1182 -8.375982 -8.498943 -8.220789 -8.728834
1183 -7.959249 -8.436481 -8.131563 -8.651875
1184 -8.144863 -8.382988 -8.080998 -8.601174
1185 -8.346643 -8.341458 -8.067441 -8.575722
1186 -8.391550 -8.308155 -8.081378 -8.557304
1187 -8.589738 -8.294516 -8.141341 -8.560548
1188 -8.772957 -8.294947 -8.253430 -8.581789
1189 -8.854986 -8.316514 -8.390144 -8.609109
1190 -8.724458 -8.346691 -8.528151 -8.620644
1191 -8.646021 -8.376293 -8.648147 -8.623181
1192 -8.445438 -8.393658 -8.710803 -8.605407
1193 -8.215516 -8.414818 -8.684624 -8.566418
1194 -8.205338 -8.424326 -8.576217 -8.530310
1195 -8.113728 -8.424314 -8.423422 -8.488651
1196 -8.139474 -8.432804 -8.281357 -8.453733
1197 -8.237670 -8.427128 -8.185129 -8.432127
1198 -8.083790 -8.410315 -8.130524 -8.397293
1199 -7.858658 -8.374713 -8.098478 -8.343430
1200 -8.083191 -8.321100 -8.070997 -8.317406
1201 -8.151449 -8.272817 -8.028610 -8.300810
1202 -8.146659 -8.215348 -7.992798 -8.285395
1203 -8.114326 -8.166454 -8.005149 -8.268288
1204 -8.216115 -8.131989 -8.053153 -8.263070
1205 -8.141271 -8.113739 -8.091797 -8.250890
1206 -8.193362 -8.114818 -8.115763 -8.245137
1207 -8.064031 -8.111428 -8.139276 -8.227026
1208 -8.044871 -8.105764 -8.153321 -8.208810
1209 -7.961644 -8.097142 -8.138836 -8.184093
1210 -7.972422 -8.085981 -8.092954 -8.162926
1211 -7.941885 -8.066222 -8.029634 -8.140821
1212 -8.159832 -8.081635 -7.970334 -8.142722
1213 -8.241861 -8.087059 -7.936411 -8.152636
1214 -8.309521 -8.105273 -7.958231 -8.168324
1215 -8.643626 -8.137834 -8.053633 -8.215854
1216 -8.986114 -8.197542 -8.205660 -8.292879
1217 -9.054971 -8.260483 -8.390280 -8.369088
1218 -9.057964 -8.335159 -8.599874 -8.437976
1219 -9.282497 -8.410446 -8.807448 -8.522428
1220 -9.105865 -8.493327 -8.965176 -8.580771
1221 -9.081915 -8.582170 -9.056568 -8.630885
1222 -9.389674 -8.685934 -9.101592 -8.706764
1223 -9.314830 -8.793195 -9.130428 -8.767570
1224 -9.943522 -8.932980 -9.178112 -8.885165
1225 -9.087303 -9.038948 -9.263382 -8.905378
1226 -9.903406 -9.151753 -9.374362 -9.005180
1227 -9.675879 -9.267600 -9.471717 -9.072250
1228 -9.742940 -9.352683 -9.564266 -9.139318
1229 -9.817185 -9.419984 -9.658449 -9.207106
1230 -9.617202 -9.477057 -9.725957 -9.248116
1231 -9.776470 -9.535962 -9.750106 -9.300951
1232 -9.835747 -9.594209 -9.760262 -9.354430
1233 -10.118958 -9.660719 -9.782454 -9.430883
1234 -10.238708 -9.732737 -9.822281 -9.511665
1235 -10.517130 -9.788649 -9.883455 -9.612211
1236 -10.533297 -9.868439 -9.956502 -9.704319
1237 -10.165661 -9.918651 -10.038963 -9.750453
1238 -10.136322 -9.984215 -10.142308 -9.789040
1239 -10.286610 -10.015134 -10.230559 -9.838797
1240 -10.196198 -10.057514 -10.260401 -9.874537
1241 -10.160272 -10.094804 -10.246668 -9.903111
1242 -10.184821 -10.126765 -10.228308 -9.931281
1243 -10.018966 -10.153064 -10.214486 -9.940049
1244 -10.260264 -10.181373 -10.187963 -9.972071
1245 -10.069860 -10.196629 -10.153266 -9.981849
1246 -10.099199 -10.199922 -10.124846 -9.993584
1247 -10.087823 -10.193396 -10.103419 -10.003008
1248 -10.169852 -10.198640 -10.083431 -10.019691
1249 -10.021959 -10.169434 -10.067451 -10.019918
1250 -10.013577 -10.153231 -10.064056 -10.019284
1251 -9.992022 -10.134562 -10.061301 -10.016558
1252 -9.935141 -10.110599 -10.044222 -10.008416
1253 -9.762100 -10.078830 -10.008995 -9.983784
1254 -9.774673 -10.042533 -9.956981 -9.962873
1255 -9.763896 -10.005925 -9.886037 -9.942975
1256 -9.801019 -9.978742 -9.808317 -9.928779
1257 -9.848321 -9.952995 -9.753217 -9.920732
1258 -9.863889 -9.935547 -9.742081 -9.915049
1259 -9.963881 -9.922937 -9.768802 -9.919932
1260 -10.090218 -9.919189 -9.814904 -9.936960
1261 -10.261461 -9.921429 -9.872725 -9.969410
1262 -10.298584 -9.935547 -9.947257 -10.002327
1263 -10.318343 -9.956372 -10.039756 -10.033929
1264 -10.435699 -9.981748 -10.131794 -10.074105
1265 -10.338102 -10.017349 -10.203217 -10.100505
1266 -10.371633 -10.059622 -10.252435 -10.127617
1267 -9.991424 -10.096193 -10.281994 -10.113997
1268 -10.228530 -10.121664 -10.278808 -10.125450
1269 -9.872869 -10.125521 -10.219959 -10.100191
1270 -9.672886 -10.120096 -10.111984 -10.057461
1271 -9.775272 -10.098708 -9.979423 -10.029243
1272 -9.752520 -10.081679 -9.849016 -10.001570
1273 -9.653726 -10.052125 -9.747992 -9.966785
1274 -9.768686 -10.011278 -9.701199 -9.946976
1275 -9.457932 -9.967987 -9.695092 -9.898071
1276 -9.556129 -9.916423 -9.693683 -9.863877
1277 -9.326805 -9.843650 -9.672800 -9.810169
1278 -9.520203 -9.784134 -9.626268 -9.781173
1279 -9.527389 -9.724199 -9.565039 -9.755794
1280 -9.423803 -9.672071 -9.520605 -9.722594
1281 -9.366921 -9.622950 -9.495736 -9.687027
1282 -9.527389 -9.583935 -9.458438 -9.671062
1283 -9.144185 -9.554105 -9.401076 -9.618374
1284 -9.147778 -9.505641 -9.348242 -9.571314
1285 -8.954380 -9.450855 -9.292342 -9.509621
1286 -8.972941 -9.393422 -9.209507 -9.455953
1287 -8.875943 -9.330039 -9.109417 -9.397951
1288 -8.684341 -9.263995 -9.021431 -9.326590
1289 -8.837623 -9.201593 -8.946586 -9.277693
1290 -8.722662 -9.143371 -8.872491 -9.222189
1291 -8.851993 -9.084166 -8.806882 -9.185169
1292 -8.701106 -9.020327 -8.769833 -9.136763
1293 -8.769963 -8.967780 -8.758431 -9.100082
1294 -8.689131 -8.921532 -8.743659 -9.058987
1295 -8.805888 -8.866099 -8.720971 -9.033676
1296 -8.831635 -8.836293 -8.705665 -9.013472
1297 -8.737631 -8.808104 -8.706839 -8.985888
1298 -8.653805 -8.782585 -8.721432 -8.952679
1299 -8.451426 -8.748743 -8.727801 -8.902553
1300 -8.426877 -8.719536 -8.696794 -8.854984
1301 -8.367599 -8.692736 -8.624841 -8.806246
1302 -8.378976 -8.663181 -8.541729 -8.763518
1303 -8.119117 -8.622969 -8.469697 -8.699079
1304 -8.047865 -8.567345 -8.403690 -8.633957
1305 -7.949669 -8.515636 -8.321061 -8.565528
1306 -7.802974 -8.437163 -8.208073 -8.489272
1307 -7.793394 -8.371612 -8.074843 -8.419684
1308 -7.695797 -8.287906 -7.945498 -8.347296
1309 -7.760462 -8.192943 -7.838300 -8.288612
1310 -7.762857 -8.110531 -7.752463 -8.236037
1311 -7.850874 -8.046846 -7.693229 -8.197520
1312 -7.904163 -7.997342 -7.684391 -8.168184
1313 -8.105345 -7.962901 -7.737830 -8.161900
1314 -8.199948 -7.943478 -7.830442 -8.165704
1315 -8.162826 -7.928473 -7.935308 -8.165416
1316 -8.196356 -7.931455 -8.038854 -8.168509
1317 -8.174202 -7.942495 -8.120355 -8.169079
1318 -8.206534 -7.968709 -8.166402 -8.172825
1319 -8.241861 -8.002001 -8.188026 -8.179729
1320 -8.393945 -8.046572 -8.203657 -8.201150
1321 -8.344847 -8.098483 -8.220531 -8.215520
1322 -8.432864 -8.159174 -8.244006 -8.237254
1323 -8.446635 -8.215468 -8.280629 -8.258192
1324 -8.557405 -8.270314 -8.335387 -8.288113
1325 -8.652607 -8.319160 -8.403856 -8.324562
1326 -8.666977 -8.364056 -8.472856 -8.358803
1327 -8.705297 -8.406411 -8.533841 -8.393453
1328 -8.857980 -8.451378 -8.592341 -8.439905
1329 -8.700507 -8.497698 -8.650159 -8.465965
1330 -8.743618 -8.538689 -8.700157 -8.493731
1331 -8.854986 -8.590337 -8.736497 -8.529856
1332 -8.929831 -8.640584 -8.762638 -8.569853
1333 -8.955577 -8.694855 -8.794065 -8.608425
1334 -9.159154 -8.757138 -8.843624 -8.663498
1335 -9.248967 -8.821504 -8.916055 -8.722044
1336 -9.437575 -8.888971 -9.015553 -8.793596
1337 -9.621392 -8.965265 -9.135496 -8.876376
1338 -9.558523 -9.036517 -9.259030 -8.944591
1339 -9.516012 -9.100164 -9.368293 -9.001732
1340 -9.504636 -9.159393 -9.443153 -9.052022
1341 -9.492062 -9.208994 -9.468697 -9.096025
1342 -9.618998 -9.276546 -9.459301 -9.148322
1343 -9.720786 -9.345259 -9.458841 -9.205568
1344 -9.686058 -9.409864 -9.499952 -9.253617
1345 -9.873468 -9.480266 -9.569388 -9.315602
1346 -10.015972 -9.556164 -9.644570 -9.385639
1347 -10.052496 -9.622087 -9.731306 -9.452325
1348 -10.175839 -9.685663 -9.837679 -9.524676
1349 -10.275233 -9.748963 -9.944496 -9.599731
1350 -9.995016 -9.789092 -10.029425 -9.639259
1351 -10.365645 -9.855159 -10.090184 -9.711898
1352 -10.017170 -9.898149 -10.123953 -9.742424
1353 -9.802815 -9.931824 -10.126089 -9.748464
1354 -9.864487 -9.956133 -10.075674 -9.760065
1355 -9.700428 -9.965066 -9.974902 -9.754102
1356 -9.799822 -9.970778 -9.867021 -9.758674
1357 -9.763896 -9.966479 -9.786948 -9.759196
1358 -9.711205 -9.948852 -9.731646 -9.754397
1359 -9.630374 -9.919717 -9.694217 -9.741995
1360 -9.642948 -9.884378 -9.674704 -9.732090
1361 -9.694441 -9.844369 -9.655447 -9.728325
1362 -9.806408 -9.807533 -9.633523 -9.736133
1363 -9.932146 -9.784517 -9.632049 -9.755733
1364 -9.782457 -9.754017 -9.668920 -9.758406
1365 -9.791439 -9.747718 -9.729434 -9.761709
1366 -9.850117 -9.753646 -9.781238 -9.770550
1367 -9.982442 -9.760435 -9.812522 -9.791739
1368 -10.071057 -9.779045 -9.834970 -9.819671
1369 -9.986633 -9.806671 -9.865130 -9.836367
1370 -10.127340 -9.835280 -9.909589 -9.865464
1371 -10.089020 -9.867912 -9.960506 -9.887819
1372 -9.992620 -9.908388 -10.009283 -9.898299
1373 -10.137519 -9.947392 -10.048448 -9.922221
1374 -10.217752 -9.986777 -10.073817 -9.951774
1375 -10.160871 -10.017636 -10.091557 -9.972683
1376 -10.152488 -10.043538 -10.113225 -9.990664
1377 -10.117761 -10.072075 -10.137172 -10.003373
1378 -10.193204 -10.098971 -10.150468 -10.022356
1379 -10.042317 -10.118323 -10.149991 -10.024352
1380 -9.985435 -10.120407 -10.140051 -10.020460
1381 -9.812395 -10.105342 -10.106694 -9.999653
1382 -9.886642 -10.088122 -10.033257 -9.988352
1383 -9.935141 -10.063501 -9.932972 -9.983030
1384 -9.807007 -10.035228 -9.844800 -9.965427
1385 -9.841136 -10.003578 -9.789261 -9.952998
1386 -9.775272 -9.967568 -9.751087 -9.935225
1387 -9.678873 -9.931452 -9.718268 -9.909590
1388 -9.635763 -9.893084 -9.699905 -9.882207
1389 -9.504636 -9.855040 -9.698813 -9.844449
1390 -9.693243 -9.827424 -9.701928 -9.829328
1391 -9.613010 -9.779704 -9.700539 -9.807695
1392 -9.589659 -9.745263 -9.689530 -9.785892
1393 -9.360335 -9.708296 -9.654452 -9.743336
1394 -9.304052 -9.674455 -9.593627 -9.699408
1395 -9.313034 -9.631032 -9.516436 -9.660769
1396 -9.350157 -9.591348 -9.429029 -9.629708
1397 -9.231005 -9.557051 -9.341635 -9.589838
1398 -9.178314 -9.519065 -9.281452 -9.548685
1399 -9.338780 -9.479093 -9.255270 -9.527695
1400 -9.306448 -9.440509 -9.241616 -9.505570
1401 -9.117241 -9.396368 -9.228947 -9.466737
1402 -9.027428 -9.342013 -9.213358 -9.422805
1403 -9.022637 -9.288017 -9.176170 -9.382788
1404 -8.992102 -9.242033 -9.110711 -9.343719
1405 -8.925040 -9.192936 -9.041103 -9.301850
1406 -8.925040 -9.151562 -8.988071 -9.264169
1407 -8.795111 -9.113217 -8.950547 -9.217262
1408 -8.753797 -9.075233 -8.915811 -9.170916
1409 -8.703502 -9.030481 -8.868669 -9.124174
1410 -8.637638 -8.986221 -8.810235 -9.075521
1411 -8.663384 -8.942440 -8.756317 -9.034307
1412 -8.699310 -8.888876 -8.710662 -9.000807
1413 -8.703502 -8.849131 -8.669936 -8.971076
1414 -8.592133 -8.815720 -8.645517 -8.933181
1415 -8.541239 -8.775112 -8.644584 -8.893987
1416 -8.427475 -8.730613 -8.636084 -8.847336
1417 -8.403525 -8.682880 -8.584488 -8.802955
1418 -8.201146 -8.624262 -8.494916 -8.742773
1419 -8.123906 -8.559417 -8.392807 -8.680886
1420 -8.034692 -8.494380 -8.284435 -8.616266
1421 -8.231084 -8.444708 -8.173203 -8.577748
1422 -8.329280 -8.405297 -8.089604 -8.552901
1423 -8.261022 -8.371959 -8.076274 -8.523713
1424 -8.284373 -8.341674 -8.128170 -8.499779
1425 -8.193961 -8.300395 -8.187524 -8.469197
1426 -8.205936 -8.258794 -8.209053 -8.442871
1427 -8.138875 -8.223252 -8.196972 -8.412471
1428 -8.059840 -8.193134 -8.174666 -8.377208
1429 -8.035291 -8.169903 -8.149631 -8.343016
1430 -7.963440 -8.150001 -8.120641 -8.305058
1431 -8.023914 -8.133091 -8.088106 -8.276943
1432 -7.865244 -8.122960 -8.045881 -8.235773
1433 -7.957453 -8.117835 -7.992024 -8.207941
1434 -7.848479 -8.091047 -7.941311 -8.171995
1435 -7.976613 -8.065240 -7.911816 -8.152456
1436 -8.092173 -8.050092 -7.903265 -8.146428
1437 -8.146061 -8.041842 -7.918625 -8.146391
1438 -8.222701 -8.042716 -7.965448 -8.154022
1439 -8.322693 -8.057552 -8.039305 -8.170889
1440 -8.538844 -8.090137 -8.131819 -8.207685
1441 -8.535850 -8.126888 -8.244081 -8.240500
1442 -8.681946 -8.169364 -8.368125 -8.284645
1443 -8.843011 -8.232306 -8.475311 -8.340482
1444 -8.863369 -8.305605 -8.561135 -8.392771
1445 -9.103470 -8.389647 -8.650476 -8.463840
1446 -9.136401 -8.485854 -8.756330 -8.531096
1447 -9.293275 -8.593726 -8.873543 -8.607314
1448 -9.445957 -8.705752 -8.996861 -8.691178
1449 -9.492062 -8.818689 -9.128125 -8.771266
1450 -9.658515 -8.935843 -9.262094 -8.859991
1451 -9.595047 -9.042840 -9.386738 -8.933496
1452 -9.580078 -9.138138 -9.489206 -8.998155
1453 -9.514814 -9.218011 -9.555476 -9.049821
1454 -9.618399 -9.305071 -9.582563 -9.106678
1455 -9.417217 -9.374478 -9.584212 -9.137732
1456 -9.659713 -9.436054 -9.580166 -9.189929
1457 -9.601634 -9.496828 -9.574627 -9.231099
1458 -9.587862 -9.537268 -9.573537 -9.266775
1459 -9.597443 -9.575408 -9.580575 -9.299842
1460 -9.538764 -9.598065 -9.587963 -9.323734
1461 -9.509425 -9.598975 -9.586027 -9.342302
1462 -9.777069 -9.605837 -9.571859 -9.385778
1463 -9.341175 -9.593646 -9.549227 -9.381318
1464 -9.616004 -9.585420 -9.531343 -9.404786
1465 -9.712403 -9.596712 -9.519762 -9.435547
1466 -9.596844 -9.596975 -9.527935 -9.451676
1467 -9.426797 -9.585875 -9.562129 -9.449188
1468 -9.523197 -9.578964 -9.584821 -9.456590
1469 -9.596245 -9.573983 -9.554691 -9.470554
1470 -9.614806 -9.573205 -9.507053 -9.484980
1471 -9.651929 -9.574211 -9.501498 -9.501675
1472 -9.551937 -9.572343 -9.534310 -9.506701
1473 -9.477692 -9.566917 -9.564075 -9.503799
1474 -9.474698 -9.563661 -9.562367 -9.500889
1475 -9.419612 -9.552225 -9.530710 -9.492761
1476 -9.342373 -9.553530 -9.489432 -9.477722
1477 -9.219628 -9.524549 -9.452118 -9.451913
1478 -9.405841 -9.502396 -9.416745 -9.447306
1479 -9.705218 -9.503665 -9.384311 -9.473097
1480 -9.785452 -9.523245 -9.383323 -9.504333
1481 -9.829760 -9.545015 -9.446583 -9.536875
1482 -9.903406 -9.560271 -9.560020 -9.573527
1483 -9.967473 -9.586737 -9.671576 -9.612922
1484 -10.155482 -9.619967 -9.756622 -9.667177
1485 -9.963282 -9.658323 -9.833920 -9.696788
1486 -10.037527 -9.700716 -9.913584 -9.730862
1487 -9.927357 -9.737755 -9.969271 -9.750511
1488 -9.926159 -9.782997 -9.983123 -9.768076
1489 -9.966275 -9.827687 -9.969329 -9.787896
1490 -10.083033 -9.881552 -9.953787 -9.817410
1491 -10.035132 -9.924698 -9.947605 -9.839182
1492 -10.064471 -9.952720 -9.951708 -9.861711
1493 -10.241703 -9.981735 -9.962125 -9.899709
1494 -10.169852 -10.009158 -9.983754 -9.926723
1495 -10.198592 -10.031659 -10.024234 -9.953909
1496 -10.222543 -10.051621 -10.072313 -9.980772
1497 -10.244098 -10.069298 -10.115911 -10.007105
1498 -10.050101 -10.075368 -10.156092 -10.011404
1499 -10.066268 -10.082985 -10.177868 -10.016891
